# R script for Peak Model
#  -- generated by MACS
p <- c(0.033901178065937794,0.039551374410260756,0.04520157075458372,0.046614119840664464,0.0480266689267452,0.04943921801282595,0.057914512529310395,0.05508941435714891,0.0480266689267452,0.0480266689267452,0.04520157075458372,0.0480266689267452,0.046614119840664464,0.0480266689267452,0.046614119840664464,0.046614119840664464,0.040963923496341495,0.039551374410260756,0.040963923496341495,0.03813882532418002,0.040963923496341495,0.03531372715201853,0.03672627623809927,0.03813882532418002,0.04520157075458372,0.04943921801282595,0.05085176709890669,0.05085176709890669,0.05508941435714891,0.059327061615391134,0.06356470887363336,0.06638980704579484,0.0649772579597141,0.06780235613187559,0.06356470887363336,0.057914512529310395,0.06215215978755262,0.06356470887363336,0.06356470887363336,0.06215215978755262,0.06073961070147187,0.059327061615391134,0.06215215978755262,0.06073961070147187,0.06356470887363336,0.06780235613187559,0.06356470887363336,0.06073961070147187,0.05508941435714891,0.05508941435714891,0.05085176709890669,0.052264316184987426,0.05085176709890669,0.05367686527106817,0.052264316184987426,0.04943921801282595,0.04943921801282595,0.046614119840664464,0.05367686527106817,0.052264316184987426,0.057914512529310395,0.05508941435714891,0.05650196344322965,0.05085176709890669,0.052264316184987426,0.04943921801282595,0.0480266689267452,0.052264316184987426,0.046614119840664464,0.05085176709890669,0.046614119840664464,0.0480266689267452,0.052264316184987426,0.05650196344322965,0.06356470887363336,0.06215215978755262,0.0649772579597141,0.06356470887363336,0.06356470887363336,0.0649772579597141,0.07062745430403707,0.0748651015622793,0.0649772579597141,0.06073961070147187,0.057914512529310395,0.06356470887363336,0.06215215978755262,0.06215215978755262,0.0649772579597141,0.057914512529310395,0.05367686527106817,0.04943921801282595,0.052264316184987426,0.05508941435714891,0.052264316184987426,0.052264316184987426,0.052264316184987426,0.06356470887363336,0.0649772579597141,0.06356470887363336,0.06780235613187559,0.0649772579597141,0.07062745430403707,0.0720400033901178,0.07627765064836003,0.07910274882052151,0.08192784699268299,0.07769019973444077,0.06921490521795633,0.07627765064836003,0.0748651015622793,0.0748651015622793,0.07345255247619854,0.07062745430403707,0.06780235613187559,0.06356470887363336,0.06356470887363336,0.06073961070147187,0.07062745430403707,0.0649772579597141,0.06356470887363336,0.06921490521795633,0.06215215978755262,0.06356470887363336,0.06215215978755262,0.06356470887363336,0.057914512529310395,0.06215215978755262,0.05650196344322965,0.05508941435714891,0.05367686527106817,0.057914512529310395,0.059327061615391134,0.05650196344322965,0.05367686527106817,0.05650196344322965,0.06356470887363336,0.05508941435714891,0.059327061615391134,0.0649772579597141,0.0748651015622793,0.07062745430403707,0.0748651015622793,0.07627765064836003,0.07769019973444077,0.06921490521795633,0.06638980704579484,0.07062745430403707,0.06638980704579484,0.0649772579597141,0.05367686527106817,0.052264316184987426,0.05508941435714891,0.057914512529310395,0.06780235613187559,0.07345255247619854,0.07627765064836003,0.07769019973444077,0.07769019973444077,0.07910274882052151,0.08757804333700596,0.0889905924230867,0.08334039607876374,0.08475294516484448,0.08192784699268299,0.08334039607876374,0.08616549425092522,0.08616549425092522,0.08475294516484448,0.08051529790660225,0.07062745430403707,0.07062745430403707,0.07627765064836003,0.0720400033901178,0.0649772579597141,0.059327061615391134,0.05085176709890669,0.04943921801282595,0.0480266689267452,0.05508941435714891,0.05508941435714891,0.05508941435714891,0.052264316184987426,0.052264316184987426,0.05650196344322965,0.06073961070147187,0.06921490521795633,0.07062745430403707,0.0748651015622793,0.0720400033901178,0.0748651015622793,0.0748651015622793,0.0748651015622793,0.07769019973444077,0.07345255247619854,0.07769019973444077,0.08051529790660225,0.07769019973444077,0.07769019973444077,0.07627765064836003,0.07627765064836003,0.07769019973444077,0.07345255247619854,0.07345255247619854,0.07627765064836003,0.07062745430403707,0.059327061615391134,0.06073961070147187,0.059327061615391134,0.06356470887363336,0.06638980704579484,0.06638980704579484,0.06780235613187559,0.07062745430403707,0.0720400033901178,0.07627765064836003,0.08051529790660225,0.07910274882052151,0.07769019973444077,0.08051529790660225,0.07910274882052151,0.0889905924230867,0.0988784360256519,0.09322823968132893,0.0889905924230867,0.09322823968132893,0.09464078876740967,0.0960533378534904,0.10029098511173264,0.10311608328389411,0.10170353419781338,0.09746588693957114,0.08757804333700596,0.08757804333700596,0.09322823968132893,0.09746588693957114,0.10170353419781338,0.10170353419781338,0.0960533378534904,0.08334039607876374,0.08475294516484448,0.07345255247619854,0.0720400033901178,0.0748651015622793,0.0649772579597141,0.057914512529310395,0.052264316184987426,0.05508941435714891,0.06921490521795633,0.0748651015622793,0.08475294516484448,0.09181569059524819,0.09746588693957114,0.09464078876740967,0.10029098511173264,0.10311608328389411,0.10170353419781338,0.10170353419781338,0.09181569059524819,0.0889905924230867,0.08192784699268299,0.08192784699268299,0.08192784699268299,0.09181569059524819,0.09322823968132893,0.09040314150916744,0.0988784360256519,0.0988784360256519,0.0988784360256519,0.10170353419781338,0.09746588693957114,0.09322823968132893,0.0960533378534904,0.09040314150916744,0.08757804333700596,0.08757804333700596,0.08334039607876374,0.08757804333700596,0.09322823968132893,0.10029098511173264,0.10594118145605559,0.10876627962821708,0.11017882871429782,0.11441647597254005,0.12430431957510524,0.13136706500550893,0.13277961409158967,0.12571686866118598,0.12430431957510524,0.11582902505862079,0.1130039268864593,0.11441647597254005,0.1130039268864593,0.11017882871429782,0.10170353419781338,0.09464078876740967,0.09322823968132893,0.09464078876740967,0.09464078876740967,0.10029098511173264,0.10594118145605559,0.10594118145605559,0.10876627962821708,0.1130039268864593,0.11441647597254005,0.11441647597254005,0.11724157414470153,0.12571686866118598,0.1228917704890245,0.1228917704890245,0.12430431957510524,0.12430431957510524,0.11724157414470153,0.10876627962821708,0.11865412323078227,0.11724157414470153,0.11724157414470153,0.11017882871429782,0.11159137780037856,0.10735373054213634,0.0960533378534904,0.09040314150916744,0.09181569059524819,0.10311608328389411,0.09040314150916744,0.09181569059524819,0.0889905924230867,0.0889905924230867,0.0988784360256519,0.10452863236997485,0.11582902505862079,0.11441647597254005,0.11582902505862079,0.10876627962821708,0.11159137780037856,0.11017882871429782,0.10876627962821708,0.11017882871429782,0.0960533378534904,0.09322823968132893,0.08757804333700596,0.0960533378534904,0.09464078876740967,0.09746588693957114,0.0960533378534904,0.10311608328389411,0.10594118145605559,0.10029098511173264,0.10311608328389411,0.0988784360256519,0.09746588693957114,0.10029098511173264,0.09746588693957114,0.0960533378534904,0.09746588693957114,0.09746588693957114,0.0988784360256519,0.10029098511173264,0.0988784360256519,0.09746588693957114,0.0988784360256519,0.0960533378534904,0.10170353419781338,0.10311608328389411,0.10452863236997485,0.09464078876740967,0.0889905924230867,0.0889905924230867,0.09181569059524819,0.09746588693957114,0.10594118145605559,0.10029098511173264,0.10594118145605559,0.09746588693957114,0.10170353419781338,0.10735373054213634,0.10876627962821708,0.10594118145605559,0.11017882871429782,0.10170353419781338,0.0889905924230867,0.09322823968132893,0.08192784699268299,0.09181569059524819,0.08757804333700596,0.08757804333700596,0.0889905924230867,0.09464078876740967,0.08757804333700596,0.0960533378534904,0.10170353419781338,0.0988784360256519,0.10029098511173264,0.09464078876740967,0.09181569059524819,0.08757804333700596,0.08334039607876374,0.07910274882052151,