# R script for Peak Model
#  -- generated by MACS
p <- c(0.03541514904595044,0.04059785378438221,0.04779605480998189,0.05528218387660556,0.0633441690252772,0.06478380923039714,0.06392002510732518,0.06651137747654107,0.067951017681661,0.06939065788678093,0.06852687376370897,0.0702544420098529,0.07140615417394884,0.07198201025599682,0.06910272984575695,0.06852687376370897,0.06449588118937315,0.06420795314834916,0.06248038490220524,0.06363209706630119,0.06219245686118125,0.06104074469708531,0.06161660077913328,0.06276831294322922,0.06392002510732518,0.06305624098425322,0.06593552139449309,0.06535966531244511,0.06651137747654107,0.06507173727142113,0.06766308964063701,0.06737516159961303,0.06507173727142113,0.06219245686118125,0.060176960574013345,0.06046488861503733,0.06248038490220524,0.06248038490220524,0.06392002510732518,0.06305624098425322,0.06449588118937315,0.0633441690252772,0.06248038490220524,0.06161660077913328,0.06219245686118125,0.06392002510732518,0.059601104491965366,0.058737320368893405,0.06046488861503733,0.06248038490220524,0.05787353624582144,0.05787353624582144,0.05844939232786942,0.06075281665606132,0.06132867273810929,0.06305624098425322,0.06708723355858903,0.06679930551756505,0.0656475933534691,0.06535966531244511,0.06737516159961303,0.0702544420098529,0.06967858592780492,0.06679930551756505,0.06737516159961303,0.06593552139449309,0.06535966531244511,0.06507173727142113,0.06593552139449309,0.06622344943551707,0.06737516159961303,0.06535966531244511,0.067951017681661,0.07140615417394884,0.0722699382970208,0.07111822613292486,0.06939065788678093,0.06939065788678093,0.06679930551756505,0.06823894572268499,0.06679930551756505,0.06823894572268499,0.06766308964063701,0.06651137747654107,0.06679930551756505,0.06766308964063701,0.067951017681661,0.06737516159961303,0.06852687376370897,0.0656475933534691,0.06593552139449309,0.0656475933534691,0.06363209706630119,0.06190452882015727,0.06276831294322922,0.06622344943551707,0.06852687376370897,0.06939065788678093,0.06939065788678093,0.06708723355858903,0.06737516159961303,0.067951017681661,0.07111822613292486,0.07083029809190088,0.07169408221497284,0.06881480180473296,0.067951017681661,0.06708723355858903,0.067951017681661,0.06967858592780492,0.067951017681661,0.0656475933534691,0.06478380923039714,0.06679930551756505,0.06737516159961303,0.06737516159961303,0.06449588118937315,0.06881480180473296,0.06622344943551707,0.06708723355858903,0.06881480180473296,0.07169408221497284,0.0725578663380448,0.07083029809190088,0.06651137747654107,0.06708723355858903,0.06852687376370897,0.06593552139449309,0.06996651396882891,0.07313372242009276,0.07313372242009276,0.07284579437906878,0.07342165046111676,0.07313372242009276,0.07630093087135663,0.07543714674828467,0.07716471499442859,0.07687678695340461,0.07745264303545257,0.07745264303545257,0.08090777952774043,0.0817715636508124,0.07774057107647657,0.08033192344569245,0.0791802112815965,0.07831642715852453,0.07687678695340461,0.07774057107647657,0.07514921870726068,0.07370957850214074,0.06996651396882891,0.07140615417394884,0.07342165046111676,0.07169408221497284,0.07399750654316473,0.0722699382970208,0.07601300283033265,0.07572507478930865,0.07658885891238061,0.07774057107647657,0.07802849911750055,0.07514921870726068,0.07716471499442859,0.08090777952774043,0.07687678695340461,0.07774057107647657,0.07140615417394884,0.0722699382970208,0.0725578663380448,0.07054237005087688,0.07054237005087688,0.07342165046111676,0.07342165046111676,0.07370957850214074,0.07543714674828467,0.07975606736364448,0.08349913189695632,0.0860904842661722,0.08724219643026815,0.0860904842661722,0.08465084406105226,0.0791802112815965,0.07975606736364448,0.07860435519954853,0.08061985148671644,0.08263534777388436,0.08522670014310024,0.08090777952774043,0.08061985148671644,0.08349913189695632,0.08580255622514821,0.09156111704562796,0.09156111704562796,0.09444039745586782,0.09444039745586782,0.09040940488153201,0.08954562075846005,0.09242490116869992,0.09386454137381986,0.09098526096357998,0.09098526096357998,0.09328868529177188,0.09156111704562796,0.08724219643026815,0.08695426838924417,0.08983354879948403,0.08781805251231613,0.08637841230719619,0.08407498797900428,0.08522670014310024,0.08666634034822017,0.08205949169183638,0.08234741973286036,0.08436291602002828,0.08119570756876442,0.07889228324057251,0.07831642715852453,0.08061985148671644,0.08205949169183638,0.08292327581490834,0.0791802112815965,0.07716471499442859,0.07946813932262049,0.08090777952774043,0.08349913189695632,0.0837870599379803,0.08695426838924417,0.08724219643026815,0.08666634034822017,0.08724219643026815,0.08925769271743605,0.09357661333279586,0.09242490116869992,0.08925769271743605,0.08753012447129213,0.08551462818412423,0.08637841230719619,0.08522670014310024,0.08493877210207625,0.08551462818412423,0.08551462818412423,0.08666634034822017,0.08465084406105226,0.08637841230719619,0.09098526096357998,0.09242490116869992,0.090697332922556,0.09156111704562796,0.0927128292097239,0.08954562075846005,0.08868183663538809,0.08666634034822017,0.08868183663538809,0.08493877210207625,0.08292327581490834,0.08349913189695632,0.0837870599379803,0.08061985148671644,0.08234741973286036,0.08522670014310024,0.08810598055334011,0.08868183663538809,0.08781805251231613,0.0927128292097239,0.09386454137381986,0.09415246941484384,0.09357661333279586,0.09674382178405973,0.09703174982508371,0.09818346198917967,0.0973196778661077,0.09645589374303574,0.09645589374303574,0.09415246941484384,0.09530418157893979,0.09818346198917967,0.10019895827634757,0.10048688631737156,0.10135067044044352,0.10019895827634757,0.10106274239941954,0.10250238260453948,0.10279031064556346,0.10653337517887529,0.10509373497375536,0.1039420228096594,0.10509373497375536,0.10538166301477934,0.10336616672761144,0.1042299508506834,0.1042299508506834,0.1042299508506834,0.1042299508506834,0.10163859848146752,0.1019265265224915,0.10163859848146752,0.10019895827634757,0.10019895827634757,0.10048688631737156,0.10019895827634757,0.09991103023532359,0.09847139003020365,0.10135067044044352,0.10336616672761144,0.10279031064556346,0.10077481435839555,0.0996231021942996,0.09933517415327561,0.09847139003020365,0.09645589374303574,0.09760760590713169,0.0996231021942996,0.09875931807122763,0.09818346198917967,0.10106274239941954,0.10365409476863542,0.10480580693273137,0.1042299508506834,0.10509373497375536,0.10595751909682732,0.10451787889170738,0.1042299508506834,0.10336616672761144,0.10077481435839555,0.09616796570201175,0.09472832549689182,0.09760760590713169,0.10163859848146752,0.10106274239941954,0.10279031064556346,0.10365409476863542,0.1019265265224915,0.10106274239941954,0.10279031064556346,0.10250238260453948,0.10048688631737156,0.09789553394815567,0.09328868529177188,0.09530418157893979,0.09213697312767594,0.09213697312767594,0.09156111704562796,0.09213697312767594,0.09213697312767594,0.09328868529177188,0.09530418157893979,0.09645589374303574,0.09703174982508371,0.09616796570201175,0.09789553394815567,0.09703174982508371,0.09933517415327561,0.09847139003020365,0.09933517415327561,0.10106274239941954,0.10250238260453948,0.10106274239941954,0.09933517415327561,0.09847139003020365,0.10307823868658744,0.10538166301477934,0.10250238260453948,0.10480580693273137,0.10307823868658744,0.10307823868658744,0.10077481435839555,0.10106274239941954,0.10250238260453948,0.10307823868658744,0.09875931807122763,0.09703174982508371,0.09991103023532359,0.09760760590713169,0.0973196778661077,0.09818346198917967,0.09875931807122763,0.09789553394815567,0.09991103023532359,0.10048688631737156,0.0996231021942996,0.09818346198917967,0.09847139003020365,0.10163859848146752,0.10307823868658744,0.10250238260453948,0.10883679950706719,0.10710923126092327,0.10653337517887529,0.10509373497375536,0.10480580693273137,0.1062454471378513,0.1039420228096594,0.10307823868658744,0.10480580693273137,0.10307823868658744,0.10077481435839555,0.10682130321989929,0.10941265558911517,0.10970058363013915,