# R script for Peak Model
#  -- generated by MACS
p <- c(0.03348010773420382,0.03809216339146659,0.0433447823344603,0.04864010549650274,0.05393542865854518,0.053294865372814235,0.05372190756330153,0.05320945693471678,0.0512023586394265,0.05056179535369556,0.05184292192515744,0.052568893648985836,0.0526543020870833,0.05209914723944981,0.05312404849661932,0.0529532316204244,0.052355372553742195,0.05226996411564473,0.05312404849661932,0.05419165397283755,0.0536792033442528,0.053978132877593905,0.05449058350617866,0.05508844257286087,0.05504573835381214,0.054661400382373576,0.0551311467919096,0.05577171007764054,0.056113343830030374,0.05645497758242021,0.05628416070622529,0.05508844257286087,0.05496032991571468,0.05568630163954308,0.055216555230007056,0.05577171007764054,0.05564359742049435,0.0551311467919096,0.05496032991571468,0.05444787928712993,0.05496032991571468,0.0561560480490791,0.05598523117288419,0.05568630163954308,0.055387372106201975,0.055216555230007056,0.05534466788715325,0.05525925944905579,0.05602793539193292,0.055515484763348166,0.055003034134763415,0.05496032991571468,0.054874921477617224,0.05577171007764054,0.05508844257286087,0.05564359742049435,0.05491762569666595,0.05504573835381214,0.05393542865854518,0.05478951303951977,0.055558188982396894,0.055857118515738,0.055515484763348166,0.055387372106201975,0.05628416070622529,0.05534466788715325,0.0568820197729075,0.05743717462054099,0.058163146344369386,0.05824855478246684,0.058718301192002866,0.058718301192002866,0.05901723072534397,0.05910263916344143,0.05863289275390541,0.05914534338249016,0.058376667439613034,0.05786421681102828,0.05666849867766386,0.05645497758242021,0.05560089320144562,0.05619875226812784,0.05560089320144562,0.05419165397283755,0.05525925944905579,0.05641227336337148,0.0565830902395664,0.057351766182443524,0.05935886447773381,0.059999427763464744,0.05970049823012364,0.05867559697295414,0.06008483620156221,0.06038376573490331,0.06004213198251348,0.05918804760153889,0.05965779401107491,0.059444272915831264,0.058718301192002866,0.05859018853485668,0.05923075182058762,0.06038376573490331,0.05974320244917237,0.05965779401107491,0.05897452650629524,0.059059934944392704,0.05893182228724651,0.05841937165866176,0.05897452650629524,0.05914534338249016,0.05970049823012364,0.05923075182058762,0.05923075182058762,0.060255653077757126,0.0612378501158779,0.06128055433492663,0.06106703323968298,0.060682695268244415,0.060810807925390606,0.06055458261109823,0.060853512144439334,0.059273456039636345,0.058376667439613034,0.058333963220564305,0.058163146344369386,0.05850478009675922,0.05884641384914906,0.060127540420610935,0.06021294885870839,0.059956723544416016,0.059059934944392704,0.06055458261109823,0.06217734293494995,0.062049230277803756,0.06239086403019359,0.06213463871590121,0.06157948386826773,0.060853512144439334,0.06110973745873171,0.061707596525413924,0.06294601887782707,0.0637146948207042,0.06397092013499658,0.0641417370111915,0.06422714544928895,0.06486770873501989,0.06555097623979957,0.06670399015411525,0.06811322938272332,0.06858297579225935,0.06922353907799028,0.06883920110655173,0.06922353907799028,0.06926624329703902,0.06901001798274664,0.06913813063989283,0.07003491923991614,0.06999221502086742,0.06789970828747968,0.06683210281126144,0.06512393404931227,0.06631965218267669,0.06593531421123813,0.06670399015411525,0.06794241250652841,0.06789970828747968,0.06713103234460255,0.06738725765889493,0.06802782094462587,0.06918083485894155,0.06994951080181869,0.06999221502086742,0.07029114455420853,0.06986410236372123,0.06935165173513648,0.07016303189706233,0.07037655299230598,0.07050466564945217,0.0715722711256704,0.07118793315423184,0.07195660909710896,0.07148686268757294,0.0715722711256704,0.07293880613522974,0.07328043988761958,0.07323773566857085,0.07387829895430179,0.0737501862971556,0.07323773566857085,0.07421993270669162,0.07464697489717892,0.07567187615434842,0.0762270310019819,0.07631243944007936,0.07703841116390776,0.07742274913534633,0.07708111538295649,0.07759356601154124,0.07917362211634422,0.07797790398297981,0.07844765039251583,0.07836224195441838,0.07900280524014931,0.07938714321158788,0.07942984743063661,0.07989959384017263,0.08062556556400102,0.08071097400209848,0.08041204446875738,0.08190669213546291,0.08169317104021927,0.08203480479260909,0.0816077626021218,0.08135153728782943,0.08190669213546291,0.08165046682117053,0.08344404402121716,0.08468246637363032,0.08463976215458159,0.08579277606889728,0.0866895646689206,0.08651874779272568,0.08621981825938457,0.0862625224784333,0.08630522669748203,0.08741553639274899,0.08651874779272568,0.0852376212212638,0.08604900138318966,0.08562195919270237,0.08562195919270237,0.08532302965936125,0.08690308576416424,0.08711660685940789,0.08788528280228501,0.08720201529750535,0.08801339545943121,0.09006319797377021,0.0903194232880626,0.09125891610713463,0.09074646547854988,0.09053294438330624,0.09181407095476812,0.09207029626906049,0.09125891610713463,0.09296708486908381,0.09215570470715795,0.0907891696975986,0.09288167643098635,0.09232652158335287,0.09241193002145033,0.0938211692500584,0.09309519752623,0.09360764815481475,0.09467525363103299,0.09407739456435077,0.09476066206913045,0.09540122535486138,0.09283897221193763,0.0933941270595711,0.09377846503100967,0.0938211692500584,0.09377846503100967,0.0948460705072279,0.09548663379295884,0.0973229152120542,0.09881756287875973,0.10026950632641653,0.10129440758358603,0.10197767508836571,0.10197767508836571,0.10394206916460726,0.10364313963126615,0.10300257634553521,0.10253282993599919,0.10159333711692714,0.1009527738311962,0.10150792867882968,0.10184956243121952,0.10223390040265808,0.10295987212648648,0.10129440758358603,0.10159333711692714,0.10197767508836571,0.10206308352646316,0.1013798160216835,0.10180685821217078,0.10108088648834239,0.09971435147878305,0.0999278725740267,0.10048302742166018,0.10142252024073223,0.1012517033645373,0.10231930884075555,0.10180685821217078,0.10253282993599919,0.10206308352646316,0.10377125228841234,0.10586375902180008,0.10441181557414328,0.10436911135509455,0.10432640713604582,0.10496697042177676,0.10449722401224074,0.10577835058370262,0.10611998433609245,0.10744381512660306,0.10757192778374926,0.10671784340277467,0.10808437841233401,0.10898116701235731,0.10902387123140606,0.1092373923266497,0.1095363218599908,0.1099633640504781,0.1098352513933319,0.10902387123140606,0.10757192778374926,0.10795626575518781,0.10744381512660306,0.1067605476218234,0.10680325184087212,0.10616268855514119,0.10577835058370262,0.10547942105036151,0.10547942105036151,0.10518049151702041,0.10513778729797167,0.1048815619836793,0.1056075337075077,0.10624809699323864,0.10740111090755433,0.10791356153613908,0.1083833079456751,0.10863953325996749,0.10812708263138274,0.10757192778374926,0.11034770202191665,0.11103096952669633,0.1112871948409887,0.11137260327908616,0.1114153074981349,0.11295265938388915,0.11252561719340186,0.11299536360293788,0.11384944798391247,0.11487434924108197,0.1134651100124739,0.11410567329820484,0.11589925049825148,0.11513057455537434,0.11402026486010738,0.11337970157437645,0.11248291297435313,0.1131661804791328,0.11337970157437645,0.11444730705059468,0.11393485642200993,0.11325158891723025,0.11111637796479379,0.11201316656481711,0.11137260327908616,0.1106893357743065,0.11256832141245059,0.11188505390767092,0.1127391382886455,0.11226939187910948,0.11205587078386584,0.11197046234576838,0.11239750453625567,0.11278184250769423,0.11380674376486374,0.1152159829934718,0.1141910817363023,0.11487434924108197,0.11478894080298452,0.11466082814583832,0.11598465893634893,0.11598465893634893,0.11572843362205656,0.11513057455537434,0.11551491252681291,0.11585654627920275,0.1167960390982748,0.11598465893634893,0.11470353236488705,0.11474623658393578,0.11325158891723025,0.11406296907915611,0.11384944798391247,0.11440460283154595,0.11666792644112861,0.11645440534588496,0.11641170112683623,0.11671063066017734,0.11790634879354175,0.11777823613639557,